4096
8192
16384
32768
65536
131072
KD-1 search info:
n,average,min,max,stdev,#
4096,33.125,31,47,5.617256574927962,8
8192,78.0,78,94,0.0,8
16384,170.0,156,172,5.656854249492381,8
32768,318.0,312,328,8.28078671210825,8
65536,622.125,608,640,5.303300858899107,8
131072,1255.875,1248,1279,11.813279452741792,8

KD-2 search info:
n,average,min,max,stdev,#
4096,13.5,0,16,5.477225575051661,8
8192,17.625,15,31,5.423164600647327,8
16384,35.25,31,47,6.96419413859206,8
32768,93.625,78,109,8.29694436008135,8
65536,163.625,156,187,8.158037228927766,8
131072,341.25,327,359,9.881440033864353,8

KD-3 search info:
n,average,min,max,stdev,#
4096,0.0,0,0,0.0,8
8192,0.0,0,16,0.0,8
16384,0.0,0,0,0.0,8
32768,0.0,0,0,0.0,8
65536,0.0,0,0,0.0,8
131072,0.0,0,0,0.0,8

BF-1 search info:
n,average,min,max,stdev,#
4096,13.5,0,16,5.477225575051661,8
8192,25.375,15,32,7.763237542601485,8
16384,54.75,47,63,8.29371534872727,8
32768,109.0,109,110,0.0,8
65536,218.375,203,219,0.5175491695067657,8
131072,436.75,436,499,0.4629100498862757,8

BF-2 search info:
n,average,min,max,stdev,#
4096,7.875,0,16,8.425090080061036,8
8192,19.5,15,32,7.111359122659224,8
16384,44.875,31,47,5.617256574927962,8
32768,83.875,78,94,8.114141095290721,8
65536,175.5,171,187,7.111359122659224,8
131072,360.25,343,452,5.574175147179049,8

BF-3 search info:
n,average,min,max,stdev,#
4096,9.625,0,16,7.981004233267175,8
8192,17.875,15,31,5.303300858899107,8
16384,37.125,31,47,7.918107638282557,8
32768,78.0,78,93,0.0,8
65536,167.625,156,172,7.190022849159004,8
131072,331.375,327,390,7.190022849159004,8

4096
8192
16384
32768
65536
131072
KD-1 search info:
n,average,min,max,stdev,#
4096,40.875,31,47,7.918107638282557,8
8192,97.375,93,109,7.190022849159004,8
16384,175.75,171,187,6.943650748294136,8
32768,368.5,359,375,7.874007874011811,8
65536,719.625,702,749,5.423164600647327,8
131072,1427.625,1357,1466,11.438500151430944,8

KD-2 search info:
n,average,min,max,stdev,#
4096,11.75,0,16,7.265377779972235,8
8192,15.5,0,16,0.5345224838248488,8
16384,27.125,15,32,7.180081575342402,8
32768,51.0,32,78,7.406560798180411,8
65536,132.5,109,156,14.822762418465922,8
131072,278.75,187,312,12.96974501346444,8

KD-3 search info:
n,average,min,max,stdev,#
4096,0.0,0,0,0.0,8
8192,0.0,0,0,0.0,8
16384,0.0,0,0,0.0,8
32768,0.0,0,0,0.0,8
65536,0.0,0,0,0.0,8
131072,0.0,0,0,0.0,8

BF-1 search info:
n,average,min,max,stdev,#
4096,15.5,15,16,0.5345224838248488,8
8192,31.25,31,32,0.4629100498862757,8
16384,62.25,62,63,0.4629100498862757,8
32768,124.5,124,141,0.5345224838248488,8
65536,253.625,249,265,7.029275516418053,8
131072,512.75,499,546,9.765098200076785,8

BF-2 search info:
n,average,min,max,stdev,#
4096,13.5,0,16,5.477225575051661,8
8192,15.75,15,31,0.4629100498862757,8
16384,42.75,31,47,6.96419413859206,8
32768,93.5,93,94,0.5345224838248488,8
65536,187.375,187,188,0.5175491695067657,8
131072,376.375,358,436,5.527528509973641,8

BF-3 search info:
n,average,min,max,stdev,#
4096,11.75,0,16,7.265377779972235,8
8192,15.625,15,16,0.5175491695067657,8
16384,39.0,31,47,8.55235974119758,8
32768,83.625,78,94,7.763237542601485,8
65536,171.625,171,172,0.5175491695067657,8
131072,339.375,328,344,7.029275516418053,8

4096
8192
16384
32768
65536
131072
KD-1 search info:
n,average,min,max,stdev,#
4096,40.875,31,47,7.918107638282557,8
8192,101.25,93,110,8.564878449642054,8
16384,193.125,187,203,7.918107638282557,8
32768,419.125,405,422,5.303300858899107,8
65536,809.25,796,812,5.365231988061121,8
131072,1563.875,1544,1607,16.32209282799587,8

KD-2 search info:
n,average,min,max,stdev,#
4096,2.0,0,16,5.656854249492381,8
8192,7.75,0,16,8.29371534872727,8
16384,17.75,15,31,5.365231988061121,8
32768,42.75,15,63,10.819955109492302,8
65536,117.25,78,156,14.200100603265357,8
131072,183.625,140,249,35.8765243578583,8

KD-3 search info:
n,average,min,max,stdev,#
4096,0.0,0,0,0.0,8
8192,0.0,0,0,0.0,8
16384,0.0,0,0,0.0,8
32768,0.0,0,0,0.0,8
65536,0.0,0,0,0.0,8
131072,0.0,0,0,0.0,8

BF-1 search info:
n,average,min,max,stdev,#
4096,19.875,16,32,7.180081575342402,8
8192,35.125,31,47,7.3375258578274,8
16384,72.125,62,78,8.114141095290721,8
32768,146.625,140,156,7.763237542601485,8
65536,300.375,296,312,7.190022849159004,8
131072,614.25,593,624,8.08437646681195,8

BF-2 search info:
n,average,min,max,stdev,#
4096,7.5,0,15,8.017837257372731,8
8192,23.375,15,31,8.158037228927766,8
16384,44.75,31,47,5.574175147179049,8
32768,97.625,93,109,7.029275516418053,8
65536,197.0,187,203,7.745966692414834,8
131072,393.875,390,406,7.180081575342402,8

BF-3 search info:
n,average,min,max,stdev,#
4096,10.0,0,16,8.28078671210825,8
8192,19.375,15,32,7.190022849159004,8
16384,41.0,31,47,8.017837257372731,8
32768,89.875,78,94,7.3375258578274,8
65536,179.25,171,188,8.29371534872727,8
131072,360.75,358,406,5.365231988061121,8

4096
8192
16384
32768
65536
131072
KD-1 search info:
n,average,min,max,stdev,#
4096,47.0,46,47,0.0,8
8192,117.0,109,140,8.55235974119758,8
16384,236.0,234,265,5.656854249492381,8
32768,448.625,436,483,7.190022849159004,8
65536,924.25,889,999,32.96643314472638,8
131072,1825.375,1747,1888,41.02590644946191,8

KD-2 search info:
n,average,min,max,stdev,#
4096,1.875,0,16,5.303300858899107,8
8192,7.5,0,16,8.017837257372731,8
16384,15.5,0,32,11.722993279387795,8
32768,29.125,15,62,17.40638224494518,8
65536,86.0,31,172,28.62566281203933,8
131072,169.625,125,265,25.46110479030431,8

KD-3 search info:
n,average,min,max,stdev,#
4096,0.0,0,0,0.0,8
8192,0.0,0,16,0.0,8
16384,0.0,0,0,0.0,8
32768,0.0,0,15,0.0,8
65536,0.0,0,0,0.0,8
131072,0.0,0,0,0.0,8

BF-1 search info:
n,average,min,max,stdev,#
4096,21.375,15,32,7.981004233267175,8
8192,37.125,31,46,7.3569694847810805,8
16384,85.625,78,94,8.158037228927766,8
32768,173.75,171,188,5.365231988061121,8
65536,345.25,328,359,5.574175147179049,8
131072,680.375,670,687,7.763237542601485,8

BF-2 search info:
n,average,min,max,stdev,#
4096,13.625,0,16,5.527528509973641,8
8192,27.5,16,32,7.111359122659224,8
16384,44.625,31,47,5.527528509973641,8
32768,103.5,93,156,7.874007874011811,8
65536,206.625,202,249,7.029275516418053,8
131072,415.625,405,437,11.500776371308902,8

BF-3 search info:
n,average,min,max,stdev,#
4096,9.625,0,16,7.981004233267175,8
8192,23.625,16,32,8.158037228927766,8
16384,41.125,31,47,7.845608416724061,8
32768,95.625,93,140,5.423164600647327,8
65536,185.25,172,234,9.86697232473786,8
131072,364.75,358,375,7.9417522355855805,8

