Trials with [Lalgs.model.data.Generator;@c21495
Generator:algs.chapter9.figure12.TriangleGenerator

-----------------------------------------

1...
....................................................................................................
2...
....................................................................................................
3...
....................................................................................................
4...
....................................................................................................
5...
....................................................................................................Andrew
n,average,min,max,stdev,#
128,0.0,0,15,0.0,98
256,0.3163265306122449,0,16,2.204011987429327,98
512,0.3163265306122449,0,16,2.2040119874293276,98
1024,0.6326530612244898,0,16,3.084339408971199,98
2048,2.5306122448979593,0,31,5.70802307776899,98

Heap
n,average,min,max,stdev,#
128,0.30612244897959184,0,15,2.131782871602032,98
256,0.15306122448979592,0,16,1.5152288168283157,98
512,0.6428571428571429,0,16,3.1336221260493375,98
1024,0.7959183673469388,0,16,3.452055069006425,98
2048,4.142857142857143,0,16,6.866923559736027,98

Balanced
n,average,min,max,stdev,#
128,0.0,0,15,0.0,98
256,0.15306122448979592,0,16,1.5152288168283135,98
512,1.2959183673469388,0,16,4.3700224908559635,98
1024,1.1224489795918366,0,16,4.069664760180709,98
2048,3.193877551020408,0,32,7.080768441123494,98

Bucket
n,average,min,max,stdev,#
128,0.4897959183673469,0,16,2.770406564972171,98
256,0.9489795918367347,0,16,3.7371703529544775,98
512,3.5,0,16,6.542879973720706,98
1024,14.653061224489797,0,31,3.791205343288043,98
2048,56.795918367346935,46,78,7.719247844980523,98

Sorting only
n,average,min,max,stdev,#
128,0.0,0,0,0.0,98
256,0.0,0,16,0.0,98
512,0.0,0,0,0.0,98
1024,0.7857142857142857,0,16,3.40784419565444,98
2048,1.9081632653061225,0,16,5.1374644447940705,98

Generator:algs.model.data.points.UniformGenerator

-----------------------------------------

1...
....................................................................................................
2...
....................................................................................................
3...
....................................................................................................
4...
....................................................................................................
5...
....................................................................................................Andrew
n,average,min,max,stdev,#
128,0.47959183673469385,0,16,2.713956262464791,98
256,0.15306122448979592,0,16,1.515228816828314,98
512,0.7857142857142857,0,16,3.4078441956544427,98
1024,1.4591836734693877,0,16,4.545686450484944,98
2048,2.693877551020408,0,16,5.914176857549786,98

Heap
n,average,min,max,stdev,#
128,0.0,0,0,0.0,98
256,0.45918367346938777,0,16,2.597256154661408,98
512,0.46938775510204084,0,16,2.6562669783865953,98
1024,1.6020408163265305,0,16,4.779120817904823,98
2048,2.3877551020408165,0,16,5.648889413814871,98

Balanced
n,average,min,max,stdev,#
128,0.0,0,15,0.0,98
256,0.46938775510204084,0,16,2.6562669783865966,98
512,0.0,0,15,0.0,98
1024,0.3163265306122449,0,16,2.2040119874293262,98
2048,2.2244897959183674,0,16,5.480105748556201,98

Bucket
n,average,min,max,stdev,#
128,0.0,0,0,0.0,98
256,0.0,0,0,0.0,98
512,0.3163265306122449,0,16,2.2040119874293276,98
1024,0.16326530612244897,0,16,1.6162440712835373,98
2048,2.0510204081632653,0,31,5.274667036893864,98

Sorting only
n,average,min,max,stdev,#
128,0.0,0,16,0.0,98
256,0.0,0,16,0.0,98
512,0.15306122448979592,0,16,1.5152288168283146,98
1024,0.16326530612244897,0,16,1.6162440712835373,98
2048,1.4081632653061225,0,16,4.453278034371999,98

Generator:algs.model.data.points.CircleGenerator

-----------------------------------------

1...
....................................................................................................
2...
....................................................................................................
3...
....................................................................................................
4...
....................................................................................................
5...
....................................................................................................Andrew
n,average,min,max,stdev,#
128,0.0,0,0,0.0,98
256,0.15306122448979592,0,16,1.515228816828315,98
512,0.4897959183673469,0,16,2.770406564972171,98
1024,0.8061224489795918,0,16,3.4956767504468367,98
2048,2.0714285714285716,0,16,5.297830717310467,98

Heap
n,average,min,max,stdev,#
128,0.0,0,15,0.0,98
256,0.0,0,16,0.0,98
512,0.47959183673469385,0,16,2.597499161412943,98
1024,1.2653061224489797,0,16,4.268201824250982,98
2048,3.0,0,16,6.15269616534839,98

Balanced
n,average,min,max,stdev,#
128,0.0,0,15,0.0,98
256,0.3163265306122449,0,16,2.2040119874293254,98
512,0.47959183673469385,0,16,2.7139562624647917,98
1024,0.6326530612244898,0,16,3.0843394089712004,98
2048,2.877551020408163,0,16,6.100980664998844,98

Bucket
n,average,min,max,stdev,#
128,0.0,0,15,0.0,98
256,0.16326530612244897,0,16,1.6162440712835373,98
512,0.4897959183673469,0,16,2.7704065649721716,98
1024,0.46938775510204084,0,16,2.656266978386599,98
2048,0.45918367346938777,0,16,2.5972561546614084,98

Sorting only
n,average,min,max,stdev,#
128,0.15306122448979592,0,16,1.515228816828316,98
256,0.0,0,16,0.0,98
512,0.46938775510204084,0,16,2.6562669783865966,98
1024,0.7755102040816326,0,16,3.363020893604832,98
2048,1.4285714285714286,0,16,4.518005216245396,98

