Trials with [Lalgs.model.data.Generator;@14b7453
Generator:algs.model.data.points.CircleGenerator

-----------------------------------------

1...
....................................................................................................
2...
....................................................................................................
3...
....................................................................................................
4...
....................................................................................................
5...
....................................................................................................
6...
....................................................................................................
7...
....................................................................................................
8...
....................................................................................................
9...
....................................................................................................Andrew
n,average,min,max,stdev,#
512,0.15306122448979592,0,16,1.5152288168283135,98
1024,1.2959183673469388,0,16,4.334491691083454,98
2048,2.693877551020408,0,16,5.914176857549788,98
4096,3.857142857142857,0,16,6.696667889685308,98
8192,9.448979591836734,0,16,7.609167624498982,98
16384,26.285714285714285,1,33,8.579524894927482,98
32768,56.724489795918366,47,94,8.597267142198612,98
65536,111.64285714285714,109,126,5.052813853196209,98
131072,242.44897959183675,234,280,8.241362174690815,98

Heap
n,average,min,max,stdev,#
512,0.6428571428571429,0,16,3.1336221260493375,98
1024,1.4387755102040816,0,16,4.549988844510201,98
2048,1.6020408163265305,0,31,4.746653288540868,98
4096,5.887755102040816,0,31,7.604776921243709,98
8192,14.010204081632653,0,32,7.916438460322023,98
16384,28.816326530612244,15,32,5.604392494506851,98
32768,54.57142857142857,46,63,8.117691002772583,98
65536,114.77551020408163,109,125,7.4592095049032565,98
131072,244.0204081632653,234,297,7.517648776755555,98

Balanced
n,average,min,max,stdev,#
512,0.3163265306122449,0,16,2.204011987429327,98
1024,0.47959183673469385,0,16,2.7139562624647917,98
2048,1.9081632653061225,0,31,5.137464444794073,98
4096,4.63265306122449,0,16,7.187313787962792,98
8192,8.275510204081632,0,16,7.831710076777546,98
16384,18.775510204081634,15,32,6.315633706798667,98
32768,35.66326530612245,31,47,7.233860638920275,98
65536,80.06122448979592,78,94,5.300877823687518,98
131072,171.23469387755102,156,234,3.1746451069068304,98

Bucket
n,average,min,max,stdev,#
512,0.15306122448979592,0,16,1.5152288168283157,98
1024,0.3163265306122449,0,16,2.2040119874293276,98
2048,1.1122448979591837,0,16,4.033066043669823,98
4096,2.2142857142857144,0,16,5.4550647987684675,98
8192,5.540816326530612,0,16,7.478034318247367,98
16384,10.673469387755102,0,16,7.308765405784014,98
32768,19.510204081632654,15,32,6.735419377048866,98
65536,38.704081632653065,31,47,7.811185719452772,98
131072,78.46938775510205,78,94,2.6562669783866006,98

Sorting only
n,average,min,max,stdev,#
512,0.15306122448979592,0,16,1.5152288168283143,98
1024,0.45918367346938777,0,16,2.597256154661408,98
2048,2.2142857142857144,0,16,5.455064798768468,98
4096,3.010204081632653,0,16,6.1735967527153734,98
8192,8.10204081632653,0,16,7.826059818770666,98
16384,17.663265306122447,15,32,5.324411544952272,98
32768,39.06122448979592,31,47,7.944156026917689,98
65536,83.40816326530613,78,94,7.463777455900865,98
131072,181.26530612244898,171,188,7.602971503203129,98

Generator:algs.model.data.points.UniformGenerator

-----------------------------------------

1...
....................................................................................................
2...
....................................................................................................
3...
....................................................................................................
4...
....................................................................................................
5...
....................................................................................................
6...
....................................................................................................
7...
....................................................................................................
8...
....................................................................................................
9...
....................................................................................................Andrew
n,average,min,max,stdev,#
512,0.6224489795918368,0,16,3.034221672383859,98
1024,0.9489795918367347,0,16,3.7371703529544766,98
2048,2.561224489795918,0,16,5.80448871192086,98
4096,5.887755102040816,0,16,7.543526825718495,98
8192,12.193877551020408,0,31,6.836316249350986,98
16384,26.877551020408163,1,47,8.395218700751785,98
32768,59.6530612244898,46,78,6.92388967736013,98
65536,157.58163265306123,156,173,3.897986446601874,98
131072,403.96938775510205,390,422,8.84861697112629,98

Heap
n,average,min,max,stdev,#
512,0.6326530612244898,0,16,3.0843394089712035,98
1024,0.9591836734693877,0,16,3.7770832780900694,98
2048,1.7448979591836735,0,16,4.935274304808915,98
4096,6.704081632653061,0,32,8.398832986770199,98
8192,13.244897959183673,0,32,6.097255127725353,98
16384,28.744897959183675,15,32,5.686502783522232,98
32768,62.33673469387755,47,94,2.765560950726993,98
65536,155.51020408163265,140,156,2.770406564972171,98
131072,386.8265306122449,374,406,7.411367015276984,98

Balanced
n,average,min,max,stdev,#
512,0.15306122448979592,0,15,1.5152288168283157,98
1024,0.7755102040816326,0,16,3.3630208936048307,98
2048,2.2551020408163267,0,16,5.5544376695154165,98
4096,4.612244897959184,0,16,7.156040852431931,98
8192,11.66326530612245,0,16,6.872841933157299,98
16384,23.897959183673468,15,32,7.849735429146334,98
32768,57.45918367346939,46,63,7.376709471418132,98
65536,143.79591836734693,140,156,6.421547463681862,98
131072,345.2959183673469,343,406,5.313296264010104,98

Bucket
n,average,min,max,stdev,#
512,0.9387755102040817,0,16,3.6967980754891747,98
1024,0.47959183673469385,0,16,2.713956262464791,98
2048,2.061224489795918,0,16,5.300877823687518,98
4096,3.3469387755102042,0,16,6.445812259671741,98
8192,6.346938775510204,0,16,7.6886608714530364,98
16384,14.83673469387755,0,16,3.489878967419577,98
32768,34.357142857142854,31,47,6.295555624292162,98
65536,75.58163265306122,62,78,5.720146111225493,98
131072,163.31632653061226,156,172,7.826200956917199,98

Sorting only
n,average,min,max,stdev,#
512,0.0,0,0,0.0,98
1024,0.46938775510204084,0,16,2.656266978386598,98
2048,1.0918367346938775,0,16,3.9587739815487257,98
4096,2.7244897959183674,0,16,5.980691633700955,98
8192,7.153061224489796,0,16,7.810054372101511,98
16384,16.336734693877553,15,31,3.452009358228825,98
32768,38.173469387755105,31,47,7.832032441783955,98
65536,109.15306122448979,109,125,0.36189765644266214,98
131072,291.03061224489795,280,297,7.4480386702582955,98

