class algs.model.problems.segmentIntersection.LineSweep
2
4
8
16
32
64
128
256
512
n,average,min,max,stdev,#
2,0.0,0,156,0.0,98
4,0.15306122448979592,0,15,1.5152288168283148,98
8,0.6428571428571429,0,16,3.1336221260493367,98
16,0.6326530612244898,0,16,3.084339408971199,98
32,6.408163265306122,0,16,7.761704476816982,98
64,36.795918367346935,31,110,9.846197846605792,98
128,218.25510204081633,203,313,22.75522426680913,98
256,1566.4897959183672,1422,2359,145.28324591737288,98
512,9791.459183673469,9031,14687,1024.035177476148,98

class algs.model.problems.segmentIntersection.BruteForceAlgorithm
2
4
8
16
32
64
128
256
512
n,average,min,max,stdev,#
2,0.3163265306122449,0,16,2.2040119874293267,98
4,0.0,0,16,0.0,98
8,0.0,0,15,0.0,98
16,0.0,0,16,0.0,98
32,0.6326530612244898,0,16,3.084339408971201,98
64,0.6428571428571429,0,16,3.133622126049337,98
128,3.2244897959183674,0,16,6.403173524144668,98
256,34.59183673469388,31,47,6.451782674920928,98
512,209.01020408163265,187,406,14.834130955166682,98

